24
1.0 1.0 -1.0     1.0 1.0 1.0 1.0     0.2500000298023224 0.5
1.0 1.0 -1.0     1.0 1.0 1.0 1.0     0.2500000298023224 0.5
1.0 1.0 -1.0     1.0 1.0 1.0 1.0     0.2500000298023224 0.5
1.0 -1.0 -1.0     1.0 1.0 1.0 1.0     0.49999991059303284 0.5000000596046448
1.0 -1.0 -1.0     1.0 1.0 1.0 1.0     0.49999991059303284 0.5000000596046448
1.0 -1.0 -1.0     1.0 1.0 1.0 1.0     0.49999991059303284 0.5000000596046448
1.0 1.0 1.0     1.0 1.0 1.0 1.0     0.25 0.75
1.0 1.0 1.0     1.0 1.0 1.0 1.0     0.25 0.75
1.0 1.0 1.0     1.0 1.0 1.0 1.0     0.25 0.75
1.0 -1.0 1.0     1.0 1.0 1.0 1.0     0.5 0.75
1.0 -1.0 1.0     1.0 1.0 1.0 1.0     0.5 0.75
1.0 -1.0 1.0     1.0 1.0 1.0 1.0     0.5 0.75
-1.0 1.0 -1.0     1.0 1.0 1.0 1.0     0.0 0.5000000596046448
-1.0 1.0 -1.0     1.0 1.0 1.0 1.0     0.24999988079071045 0.2500000596046448
-1.0 1.0 -1.0     1.0 1.0 1.0 1.0     0.24999988079071045 0.2500000596046448
-1.0 -1.0 -1.0     1.0 1.0 1.0 1.0     0.4999999403953552 0.25
-1.0 -1.0 -1.0     1.0 1.0 1.0 1.0     0.4999999403953552 0.25
-1.0 -1.0 -1.0     1.0 1.0 1.0 1.0     0.7499999403953552 0.5
-1.0 1.0 1.0     1.0 1.0 1.0 1.0     0.0 0.75
-1.0 1.0 1.0     1.0 1.0 1.0 1.0     0.25 0.0
-1.0 1.0 1.0     1.0 1.0 1.0 1.0     0.25 1.0
-1.0 -1.0 1.0     1.0 1.0 1.0 1.0     0.4999999403953552 0.0
-1.0 -1.0 1.0     1.0 1.0 1.0 1.0     0.5 0.9999999403953552
-1.0 -1.0 1.0     1.0 1.0 1.0 1.0     0.7499999403953552 0.75
12
12 7 1
6 22 10
19 15 21
3 23 17
2 11 5
14 4 16
12 18 7
6 20 22
19 13 15
3 9 23
2 8 11
14 0 4
resources\shaders\programs\shader_pass_test.txt