24
-1.0 0.039759994 1.0     1.0 1.0 1.0 1.0     0.125 0.25
-1.0 0.039759994 1.0     1.0 1.0 1.0 1.0     0.125 0.25
-1.0 0.039759994 1.0     1.0 1.0 1.0 1.0     0.125 0.25
-1.0 4.721684 1.0     1.0 1.0 1.0 1.0     0.125 0.25
-1.0 4.721684 1.0     1.0 1.0 1.0 1.0     0.125 0.25
-1.0 4.721684 1.0     1.0 1.0 1.0 1.0     0.125 0.25
-1.0 0.039759994 -1.0     1.0 1.0 1.0 1.0     0.125 0.25
-1.0 0.039759994 -1.0     1.0 1.0 1.0 1.0     0.125 0.25
-1.0 0.039759994 -1.0     1.0 1.0 1.0 1.0     0.125 0.25
-1.0 4.721684 -1.0     1.0 1.0 1.0 1.0     0.125 0.25
-1.0 4.721684 -1.0     1.0 1.0 1.0 1.0     0.125 0.25
-1.0 4.721684 -1.0     1.0 1.0 1.0 1.0     0.125 0.25
1.0 0.039759994 1.0     1.0 1.0 1.0 1.0     0.125 0.25
1.0 0.039759994 1.0     1.0 1.0 1.0 1.0     0.125 0.25
1.0 0.039759994 1.0     1.0 1.0 1.0 1.0     0.125 0.25
1.0 4.721684 1.0     1.0 1.0 1.0 1.0     0.125 0.25
1.0 4.721684 1.0     1.0 1.0 1.0 1.0     0.125 0.25
1.0 4.721684 1.0     1.0 1.0 1.0 1.0     0.125 0.25
1.0 0.039759994 -1.0     1.0 1.0 1.0 1.0     0.125 0.25
1.0 0.039759994 -1.0     1.0 1.0 1.0 1.0     0.125 0.25
1.0 0.039759994 -1.0     1.0 1.0 1.0 1.0     0.125 0.25
1.0 4.721684 -1.0     1.0 1.0 1.0 1.0     0.125 0.25
1.0 4.721684 -1.0     1.0 1.0 1.0 1.0     0.125 0.25
1.0 4.721684 -1.0     1.0 1.0 1.0 1.0     0.125 0.25
12
2 4 9
2 9 7
8 10 21
8 21 19
20 23 17
20 17 14
13 15 3
13 3 1
6 18 12
6 12 0
22 11 5
22 5 16
