88
1.0 1.0 -1.0     1.0 1.0 1.0 1.0     0.625 0.5
1.0 1.0 -1.0     1.0 1.0 1.0 1.0     0.625 0.5
1.0 1.0 -1.0     1.0 1.0 1.0 1.0     0.625 0.5
1.0 1.0 -1.0     1.0 1.0 1.0 1.0     0.625 0.5
1.0 -1.0 -1.0     1.0 1.0 1.0 1.0     0.625 0.5
1.0 -1.0 -1.0     1.0 1.0 1.0 1.0     0.625 0.5
1.0 -1.0 -1.0     1.0 1.0 1.0 1.0     0.625 0.5
1.0 -1.0 -1.0     1.0 1.0 1.0 1.0     0.625 0.5
1.0 1.0 1.0     1.0 1.0 1.0 1.0     0.625 0.5
1.0 1.0 1.0     1.0 1.0 1.0 1.0     0.625 0.5
1.0 1.0 1.0     1.0 1.0 1.0 1.0     0.625 0.5
1.0 1.0 1.0     1.0 1.0 1.0 1.0     0.625 0.5
1.0 -1.0 1.0     1.0 1.0 1.0 1.0     0.625 0.5
1.0 -1.0 1.0     1.0 1.0 1.0 1.0     0.625 0.5
1.0 -1.0 1.0     1.0 1.0 1.0 1.0     0.625 0.5
1.0 -1.0 1.0     1.0 1.0 1.0 1.0     0.625 0.5
-1.0 1.0 -1.0     1.0 1.0 1.0 1.0     0.625 0.5
-1.0 1.0 -1.0     1.0 1.0 1.0 1.0     0.625 0.5
-1.0 1.0 -1.0     1.0 1.0 1.0 1.0     0.625 0.5
-1.0 1.0 -1.0     1.0 1.0 1.0 1.0     0.625 0.5
-1.0 -1.0 -1.0     1.0 1.0 1.0 1.0     0.625 0.5
-1.0 -1.0 -1.0     1.0 1.0 1.0 1.0     0.625 0.5
-1.0 -1.0 -1.0     1.0 1.0 1.0 1.0     0.625 0.5
-1.0 -1.0 -1.0     1.0 1.0 1.0 1.0     0.625 0.5
-1.0 1.0 1.0     1.0 1.0 1.0 1.0     0.625 0.5
-1.0 1.0 1.0     1.0 1.0 1.0 1.0     0.625 0.5
-1.0 1.0 1.0     1.0 1.0 1.0 1.0     0.625 0.5
-1.0 1.0 1.0     1.0 1.0 1.0 1.0     0.625 0.5
-1.0 -1.0 1.0     1.0 1.0 1.0 1.0     0.625 0.5
-1.0 -1.0 1.0     1.0 1.0 1.0 1.0     0.625 0.5
-1.0 -1.0 1.0     1.0 1.0 1.0 1.0     0.625 0.5
-1.0 -1.0 1.0     1.0 1.0 1.0 1.0     0.625 0.5
1.9968107 1.0 -0.6841654     1.0 1.0 1.0 1.0     0.625 0.5
1.9968107 1.0 -0.6841654     1.0 1.0 1.0 1.0     0.625 0.5
1.9968107 1.0 -0.6841654     1.0 1.0 1.0 1.0     0.625 0.5
1.9968107 1.0 -0.6841654     1.0 1.0 1.0 1.0     0.625 0.5
1.9968107 -1.0 -0.6841654     1.0 1.0 1.0 1.0     0.625 0.5
1.9968107 -1.0 -0.6841654     1.0 1.0 1.0 1.0     0.625 0.5
1.9968107 -1.0 -0.6841654     1.0 1.0 1.0 1.0     0.625 0.5
1.9968107 -1.0 -0.6841654     1.0 1.0 1.0 1.0     0.625 0.5
1.9968107 1.0 0.6841654     1.0 1.0 1.0 1.0     0.625 0.5
1.9968107 1.0 0.6841654     1.0 1.0 1.0 1.0     0.625 0.5
1.9968107 1.0 0.6841654     1.0 1.0 1.0 1.0     0.625 0.5
1.9968107 1.0 0.6841654     1.0 1.0 1.0 1.0     0.625 0.5
1.9968107 -1.0 0.6841654     1.0 1.0 1.0 1.0     0.625 0.5
1.9968107 -1.0 0.6841654     1.0 1.0 1.0 1.0     0.625 0.5
1.9968107 -1.0 0.6841654     1.0 1.0 1.0 1.0     0.625 0.5
1.9968107 -1.0 0.6841654     1.0 1.0 1.0 1.0     0.625 0.5
2.775373 1.0 -0.32535085     1.0 1.0 1.0 1.0     0.625 0.5
2.775373 1.0 -0.32535085     1.0 1.0 1.0 1.0     0.625 0.5
2.775373 1.0 -0.32535085     1.0 1.0 1.0 1.0     0.625 0.5
2.775373 1.0 -0.32535085     1.0 1.0 1.0 1.0     0.625 0.5
2.775373 -1.0 -0.32535085     1.0 1.0 1.0 1.0     0.625 0.5
2.775373 -1.0 -0.32535085     1.0 1.0 1.0 1.0     0.625 0.5
2.775373 -1.0 -0.32535085     1.0 1.0 1.0 1.0     0.625 0.5
2.775373 -1.0 -0.32535085     1.0 1.0 1.0 1.0     0.625 0.5
2.775373 1.0 0.32535085     1.0 1.0 1.0 1.0     0.625 0.5
2.775373 1.0 0.32535085     1.0 1.0 1.0 1.0     0.625 0.5
2.775373 1.0 0.32535085     1.0 1.0 1.0 1.0     0.625 0.5
2.775373 1.0 0.32535085     1.0 1.0 1.0 1.0     0.625 0.5
2.775373 -1.0 0.32535085     1.0 1.0 1.0 1.0     0.625 0.5
2.775373 -1.0 0.32535085     1.0 1.0 1.0 1.0     0.625 0.5
2.775373 -1.0 0.32535085     1.0 1.0 1.0 1.0     0.625 0.5
2.775373 -1.0 0.32535085     1.0 1.0 1.0 1.0     0.625 0.5
3.9269981 1.0 -1.2277324     1.0 1.0 1.0 1.0     0.625 0.5
3.9269981 1.0 -1.2277324     1.0 1.0 1.0 1.0     0.625 0.5
3.9269981 1.0 -1.2277324     1.0 1.0 1.0 1.0     0.625 0.5
3.9269981 -1.0 -1.2277324     1.0 1.0 1.0 1.0     0.625 0.5
3.9269981 -1.0 -1.2277324     1.0 1.0 1.0 1.0     0.625 0.5
3.9269981 -1.0 -1.2277324     1.0 1.0 1.0 1.0     0.625 0.5
3.9269981 1.0 1.2277324     1.0 1.0 1.0 1.0     0.625 0.5
3.9269981 1.0 1.2277324     1.0 1.0 1.0 1.0     0.625 0.5
3.9269981 1.0 1.2277324     1.0 1.0 1.0 1.0     0.625 0.5
3.9269981 -1.0 1.2277324     1.0 1.0 1.0 1.0     0.625 0.5
3.9269981 -1.0 1.2277324     1.0 1.0 1.0 1.0     0.625 0.5
3.9269981 -1.0 1.2277324     1.0 1.0 1.0 1.0     0.625 0.5
-2.050222 -1.0 -0.39096552     1.0 1.0 1.0 1.0     0.625 0.5
-2.050222 -1.0 -0.39096552     1.0 1.0 1.0 1.0     0.625 0.5
-2.050222 -1.0 -0.39096552     1.0 1.0 1.0 1.0     0.625 0.5
-2.050222 -1.0 0.39096552     1.0 1.0 1.0 1.0     0.625 0.5
-2.050222 -1.0 0.39096552     1.0 1.0 1.0 1.0     0.625 0.5
-2.050222 -1.0 0.39096552     1.0 1.0 1.0 1.0     0.625 0.5
-2.050222 1.0 0.39096552     1.0 1.0 1.0 1.0     0.625 0.5
-2.050222 1.0 0.39096552     1.0 1.0 1.0 1.0     0.625 0.5
-2.050222 1.0 0.39096552     1.0 1.0 1.0 1.0     0.625 0.5
-2.050222 1.0 -0.39096552     1.0 1.0 1.0 1.0     0.625 0.5
-2.050222 1.0 -0.39096552     1.0 1.0 1.0 1.0     0.625 0.5
-2.050222 1.0 -0.39096552     1.0 1.0 1.0 1.0     0.625 0.5
44
1 18 26
1 26 9
13 8 25
13 25 31
21 29 79
21 79 76
20 4 12
20 12 28
11 15 46
11 46 42
23 17 0
23 0 5
44 36 53
44 53 61
7 3 34
7 34 38
14 6 37
14 37 45
2 10 41
2 41 33
50 58 71
50 71 65
43 47 63
43 63 59
32 40 57
32 57 49
39 35 51
39 51 55
69 66 72
69 72 75
52 48 64
52 64 67
62 54 68
62 68 74
56 60 73
56 73 70
81 83 85
81 85 77
27 19 87
27 87 84
16 22 78
16 78 86
30 24 82
30 82 80
