146
0.049970936 0.46829498 -0.08657218     1.0 1.0 1.0 1.0     0.9166666865348816 5.960464477539063e-08
0.049970936 0.46829498 -0.08657218     1.0 1.0 1.0 1.0     0.9166666865348816 5.960464477539063e-08
0.049970936 0.46829498 -0.08657218     1.0 1.0 1.0 1.0     0.9166666865348816 5.960464477539063e-08
0.10021644 0.4682955 -0.026938213     1.0 1.0 1.0 1.0     0.7916666269302368 0.0
0.10021644 0.4682955 -0.026938213     1.0 1.0 1.0 1.0     0.7916666269302368 0.0
0.10021644 0.4682955 -0.026938213     1.0 1.0 1.0 1.0     0.7916666269302368 0.0
0.06856602 0.46829447 0.076183334     1.0 1.0 1.0 1.0     0.6166672110557556 0.0
0.06856602 0.46829447 0.076183334     1.0 1.0 1.0 1.0     0.6166672110557556 0.0
0.06856602 0.46829447 0.076183334     1.0 1.0 1.0 1.0     0.6166672110557556 0.0
-0.031848755 0.4682946 0.0977305     1.0 1.0 1.0 1.0     0.4500000476837158 0.0
-0.031848755 0.4682946 0.0977305     1.0 1.0 1.0 1.0     0.4500000476837158 0.0
-0.031848755 0.4682946 0.0977305     1.0 1.0 1.0 1.0     0.4500000476837158 0.0
-0.086786024 0.46829504 0.049875952     1.0 1.0 1.0 1.0     0.33333343267440796 0.0
-0.086786024 0.46829504 0.049875952     1.0 1.0 1.0 1.0     0.33333343267440796 0.0
-0.086786024 0.46829504 0.049875952     1.0 1.0 1.0 1.0     0.33333343267440796 0.0
-0.100060344 0.4682951 -9.079575e-07     1.0 1.0 1.0 1.0     0.25000008940696716 0.0
-0.100060344 0.4682951 -9.079575e-07     1.0 1.0 1.0 1.0     0.25000008940696716 0.0
-0.100060344 0.4682951 -9.079575e-07     1.0 1.0 1.0 1.0     0.25000008940696716 0.0
-0.0764898 0.46829483 -0.068871945     1.0 1.0 1.0 1.0     0.13333360850811005 0.0
-0.0764898 0.46829483 -0.068871945     1.0 1.0 1.0 1.0     0.13333360850811005 0.0
-0.0764898 0.46829483 -0.068871945     1.0 1.0 1.0 1.0     0.13333360850811005 0.0
-0.000108121916 0.46829495 -0.10001371     1.0 1.0 1.0 1.0     7.450580596923828e-08 5.960464477539063e-08
-0.000108121916 0.46829495 -0.10001371     1.0 1.0 1.0 1.0     7.450580596923828e-08 5.960464477539063e-08
-0.000108121916 0.46829495 -0.10001371     1.0 1.0 1.0 1.0     1.0 5.960464477539063e-08
0.0 0.4647322 -0.13334201     1.0 1.0 1.0 1.0     7.450580596923828e-08 0.5
0.0 0.4647322 -0.13334201     1.0 1.0 1.0 1.0     0.75 0.5099999904632568
0.0 0.4647322 -0.13334201     1.0 1.0 1.0 1.0     1.0 0.5
0.0 0.5 -0.13334201     1.0 1.0 1.0 1.0     7.450580596923828e-08 0.0
0.0 0.5 -0.13334201     1.0 1.0 1.0 1.0     0.25 0.5099999904632568
0.0 0.5 -0.13334201     1.0 1.0 1.0 1.0     1.0 0.0
0.09182931 0.46473223 -0.101590656     1.0 1.0 1.0 1.0     0.8833333253860474 0.5
0.09182931 0.46473223 -0.101590656     1.0 1.0 1.0 1.0     0.8833333253860474 0.5
0.09182931 0.46473223 -0.101590656     1.0 1.0 1.0 1.0     0.905138373374939 0.5772923231124878
0.101590626 0.5 -0.09182934     1.0 1.0 1.0 1.0     0.4227076470851898 0.5948615670204163
0.101590626 0.5 -0.09182934     1.0 1.0 1.0 1.0     0.8666667342185974 0.0
0.101590626 0.5 -0.09182934     1.0 1.0 1.0 1.0     0.8666667342185974 0.0
0.133342 0.4647322 -2.1084892e-08     1.0 1.0 1.0 1.0     0.7500000596046448 0.5
0.133342 0.4647322 -2.1084892e-08     1.0 1.0 1.0 1.0     0.7500000596046448 0.5
0.133342 0.4647322 -2.1084892e-08     1.0 1.0 1.0 1.0     0.9900000095367432 0.75
0.133342 0.5 -2.1084892e-08     1.0 1.0 1.0 1.0     0.49000000953674316 0.75
0.133342 0.5 -2.1084892e-08     1.0 1.0 1.0 1.0     0.7500000596046448 0.0
0.133342 0.5 -2.1084892e-08     1.0 1.0 1.0 1.0     0.7500000596046448 0.0
0.101590626 0.46473223 0.091829285     1.0 1.0 1.0 1.0     0.6333334445953369 0.5
0.101590626 0.46473223 0.091829285     1.0 1.0 1.0 1.0     0.6333334445953369 0.5
0.101590626 0.46473223 0.091829285     1.0 1.0 1.0 1.0     0.9227076768875122 0.9051384329795837
0.091829315 0.5 0.101590596     1.0 1.0 1.0 1.0     0.40513843297958374 0.9227076768875122
0.091829315 0.5 0.101590596     1.0 1.0 1.0 1.0     0.6166667342185974 0.0
0.091829315 0.5 0.101590596     1.0 1.0 1.0 1.0     0.6166667342185974 0.0
0.0 0.4647322 0.13334198     1.0 1.0 1.0 1.0     0.5000001192092896 0.5
0.0 0.4647322 0.13334198     1.0 1.0 1.0 1.0     0.5000001192092896 0.5
0.0 0.4647322 0.13334198     1.0 1.0 1.0 1.0     0.75 0.9900000095367432
0.0 0.5 0.13334198     1.0 1.0 1.0 1.0     0.25 0.9900000095367432
0.0 0.5 0.13334198     1.0 1.0 1.0 1.0     0.5000001192092896 0.0
0.0 0.5 0.13334198     1.0 1.0 1.0 1.0     0.5000001192092896 0.0
-0.091829315 0.46473223 0.101590596     1.0 1.0 1.0 1.0     0.3833334445953369 0.5
-0.091829315 0.46473223 0.101590596     1.0 1.0 1.0 1.0     0.3833334445953369 0.5
-0.091829315 0.46473223 0.101590596     1.0 1.0 1.0 1.0     0.5948615670204163 0.9227076768875122
-0.101590626 0.5 0.091829285     1.0 1.0 1.0 1.0     0.07729234546422958 0.9051384329795837
-0.101590626 0.5 0.091829285     1.0 1.0 1.0 1.0     0.3666667640209198 0.0
-0.101590626 0.5 0.091829285     1.0 1.0 1.0 1.0     0.3666667640209198 0.0
-0.133342 0.4647322 -2.1084892e-08     1.0 1.0 1.0 1.0     0.25000008940696716 0.5
-0.133342 0.4647322 -2.1084892e-08     1.0 1.0 1.0 1.0     0.25000008940696716 0.5
-0.133342 0.4647322 -2.1084892e-08     1.0 1.0 1.0 1.0     0.5099999904632568 0.75
-0.133342 0.5 -2.1084892e-08     1.0 1.0 1.0 1.0     0.01000000536441803 0.75
-0.133342 0.5 -2.1084892e-08     1.0 1.0 1.0 1.0     0.25000008940696716 0.0
-0.133342 0.5 -2.1084892e-08     1.0 1.0 1.0 1.0     0.25000008940696716 0.0
-0.101590626 0.46473223 -0.09182934     1.0 1.0 1.0 1.0     0.13333341479301453 0.5
-0.101590626 0.46473223 -0.09182934     1.0 1.0 1.0 1.0     0.13333341479301453 0.5
-0.101590626 0.46473223 -0.09182934     1.0 1.0 1.0 1.0     0.5772923827171326 0.5948615670204163
-0.09182931 0.5 -0.101590656     1.0 1.0 1.0 1.0     0.09486158192157745 0.5772923231124878
-0.09182931 0.5 -0.101590656     1.0 1.0 1.0 1.0     0.11666672676801682 0.0
-0.09182931 0.5 -0.101590656     1.0 1.0 1.0 1.0     0.11666672676801682 0.0
0.021245433 -0.46829447 -0.10041905     1.0 1.0 1.0 1.0     7.450580596923828e-08 0.0
0.021245433 -0.46829447 -0.10041905     1.0 1.0 1.0 1.0     0.9666664600372314 0.0
0.021245433 -0.46829447 -0.10041905     1.0 1.0 1.0 1.0     0.9666664600372314 0.0
0.08657483 -0.46829504 -0.049879123     1.0 1.0 1.0 1.0     0.8333333730697632 5.960464477539063e-08
0.08657483 -0.46829504 -0.049879123     1.0 1.0 1.0 1.0     0.8333333730697632 5.960464477539063e-08
0.08657483 -0.46829504 -0.049879123     1.0 1.0 1.0 1.0     0.8333333730697632 5.960464477539063e-08
0.09984915 -0.46829504 -2.2625034e-06     1.0 1.0 1.0 1.0     0.7500000596046448 0.0
0.09984915 -0.46829504 -2.2625034e-06     1.0 1.0 1.0 1.0     0.7500000596046448 0.0
0.08657582 -0.46829504 0.049873605     1.0 1.0 1.0 1.0     0.6666667461395264 5.960464477539063e-08
0.08657582 -0.46829504 0.049873605     1.0 1.0 1.0 1.0     0.6666667461395264 5.960464477539063e-08
0.04997465 -0.46829498 0.08656665     1.0 1.0 1.0 1.0     0.583333432674408 5.960464477539063e-08
0.04997465 -0.46829498 0.08656665     1.0 1.0 1.0 1.0     0.583333432674408 5.960464477539063e-08
-0.00010305358 -0.46829495 0.100010544     1.0 1.0 1.0 1.0     0.5000001192092896 1.1920928955078125e-07
-0.00010305358 -0.46829495 0.100010544     1.0 1.0 1.0 1.0     0.5000001192092896 1.1920928955078125e-07
-0.050182126 -0.46829498 0.086569004     1.0 1.0 1.0 1.0     0.41666674613952637 5.960464477539063e-08
-0.050182126 -0.46829498 0.086569004     1.0 1.0 1.0 1.0     0.41666674613952637 5.960464477539063e-08
-0.050182126 -0.46829498 0.086569004     1.0 1.0 1.0 1.0     0.41666674613952637 5.960464477539063e-08
-0.09841425 -0.46829572 0.02628449     1.0 1.0 1.0 1.0     0.29166650772094727 0.0
-0.09841425 -0.46829572 0.02628449     1.0 1.0 1.0 1.0     0.29166650772094727 0.0
-0.09841425 -0.46829572 0.02628449     1.0 1.0 1.0 1.0     0.29166650772094727 0.0
-0.08678702 -0.46829504 -0.049876764     1.0 1.0 1.0 1.0     0.16666674613952637 0.0
-0.08678702 -0.46829504 -0.049876764     1.0 1.0 1.0 1.0     0.16666674613952637 0.0
-0.08678702 -0.46829504 -0.049876764     1.0 1.0 1.0 1.0     0.16666674613952637 0.0
-0.050185837 -0.46829498 -0.086569816     1.0 1.0 1.0 1.0     0.08333341032266617 5.960464477539063e-08
-0.050185837 -0.46829498 -0.086569816     1.0 1.0 1.0 1.0     0.08333341032266617 5.960464477539063e-08
-0.050185837 -0.46829498 -0.086569816     1.0 1.0 1.0 1.0     0.08333341032266617 5.960464477539063e-08
0.0 -0.4647322 -0.13334201     1.0 1.0 1.0 1.0     7.450580596923828e-08 0.5
0.0 -0.4647322 -0.13334201     1.0 1.0 1.0 1.0     0.75 0.5099999904632568
0.0 -0.4647322 -0.13334201     1.0 1.0 1.0 1.0     1.0 0.5
0.0 -0.5 -0.13334201     1.0 1.0 1.0 1.0     7.450580596923828e-08 0.0
0.0 -0.5 -0.13334201     1.0 1.0 1.0 1.0     0.25 0.5099999904632568
0.0 -0.5 -0.13334201     1.0 1.0 1.0 1.0     1.0 0.0
0.09182931 -0.46473223 -0.101590656     1.0 1.0 1.0 1.0     0.8833333253860474 0.5
0.09182931 -0.46473223 -0.101590656     1.0 1.0 1.0 1.0     0.8833333253860474 0.5
0.09182931 -0.46473223 -0.101590656     1.0 1.0 1.0 1.0     0.905138373374939 0.5772923231124878
0.101590626 -0.5 -0.09182934     1.0 1.0 1.0 1.0     0.4227076470851898 0.5948615670204163
0.101590626 -0.5 -0.09182934     1.0 1.0 1.0 1.0     0.8666667342185974 0.0
0.101590626 -0.5 -0.09182934     1.0 1.0 1.0 1.0     0.8666667342185974 0.0
0.133342 -0.4647322 -2.1084892e-08     1.0 1.0 1.0 1.0     0.7500000596046448 0.5
0.133342 -0.4647322 -2.1084892e-08     1.0 1.0 1.0 1.0     0.7500000596046448 0.5
0.133342 -0.4647322 -2.1084892e-08     1.0 1.0 1.0 1.0     0.9900000095367432 0.75
0.133342 -0.5 -2.1084892e-08     1.0 1.0 1.0 1.0     0.49000000953674316 0.75
0.133342 -0.5 -2.1084892e-08     1.0 1.0 1.0 1.0     0.7500000596046448 0.0
0.133342 -0.5 -2.1084892e-08     1.0 1.0 1.0 1.0     0.7500000596046448 0.0
0.101590626 -0.46473223 0.091829285     1.0 1.0 1.0 1.0     0.6333334445953369 0.5
0.101590626 -0.46473223 0.091829285     1.0 1.0 1.0 1.0     0.6333334445953369 0.5
0.101590626 -0.46473223 0.091829285     1.0 1.0 1.0 1.0     0.9227076768875122 0.9051384329795837
0.091829315 -0.5 0.101590596     1.0 1.0 1.0 1.0     0.40513843297958374 0.9227076768875122
0.091829315 -0.5 0.101590596     1.0 1.0 1.0 1.0     0.6166667342185974 0.0
0.091829315 -0.5 0.101590596     1.0 1.0 1.0 1.0     0.6166667342185974 0.0
0.0 -0.4647322 0.13334198     1.0 1.0 1.0 1.0     0.5000001192092896 0.5
0.0 -0.4647322 0.13334198     1.0 1.0 1.0 1.0     0.5000001192092896 0.5
0.0 -0.4647322 0.13334198     1.0 1.0 1.0 1.0     0.75 0.9900000095367432
0.0 -0.5 0.13334198     1.0 1.0 1.0 1.0     0.25 0.9900000095367432
0.0 -0.5 0.13334198     1.0 1.0 1.0 1.0     0.5000001192092896 0.0
0.0 -0.5 0.13334198     1.0 1.0 1.0 1.0     0.5000001192092896 0.0
-0.091829315 -0.46473223 0.101590596     1.0 1.0 1.0 1.0     0.3833334445953369 0.5
-0.091829315 -0.46473223 0.101590596     1.0 1.0 1.0 1.0     0.3833334445953369 0.5
-0.091829315 -0.46473223 0.101590596     1.0 1.0 1.0 1.0     0.5948615670204163 0.9227076768875122
-0.101590626 -0.5 0.091829285     1.0 1.0 1.0 1.0     0.07729234546422958 0.9051384329795837
-0.101590626 -0.5 0.091829285     1.0 1.0 1.0 1.0     0.3666667640209198 0.0
-0.101590626 -0.5 0.091829285     1.0 1.0 1.0 1.0     0.3666667640209198 0.0
-0.133342 -0.4647322 -2.1084892e-08     1.0 1.0 1.0 1.0     0.25000008940696716 0.5
-0.133342 -0.4647322 -2.1084892e-08     1.0 1.0 1.0 1.0     0.25000008940696716 0.5
-0.133342 -0.4647322 -2.1084892e-08     1.0 1.0 1.0 1.0     0.5099999904632568 0.75
-0.133342 -0.5 -2.1084892e-08     1.0 1.0 1.0 1.0     0.01000000536441803 0.75
-0.133342 -0.5 -2.1084892e-08     1.0 1.0 1.0 1.0     0.25000008940696716 0.0
-0.133342 -0.5 -2.1084892e-08     1.0 1.0 1.0 1.0     0.25000008940696716 0.0
-0.101590626 -0.46473223 -0.09182934     1.0 1.0 1.0 1.0     0.13333341479301453 0.5
-0.101590626 -0.46473223 -0.09182934     1.0 1.0 1.0 1.0     0.13333341479301453 0.5
-0.101590626 -0.46473223 -0.09182934     1.0 1.0 1.0 1.0     0.5772923827171326 0.5948615670204163
-0.09182931 -0.5 -0.10159065     1.0 1.0 1.0 1.0     0.09486158192157745 0.5772923231124878
-0.09182931 -0.5 -0.10159065     1.0 1.0 1.0 1.0     0.11666673421859741 0.0
-0.09182931 -0.5 -0.10159065     1.0 1.0 1.0 1.0     0.11666673421859741 0.0
74
2 3 76
77 5 79
7 83 80
10 88 84
9 14 87
17 18 93
94 19 95
1 75 74
16 90 12
15 92 89
85 82 6
85 6 11
30 26 29
30 29 34
96 20 21
36 31 35
36 35 40
43 37 41
43 41 47
49 42 46
49 46 53
55 48 52
55 52 59
60 54 58
60 58 64
66 61 65
66 65 70
24 67 71
24 71 27
63 57 51
51 45 39
39 33 28
28 69 63
63 51 39
39 28 63
25 32 38
38 44 50
50 56 62
62 68 25
25 38 50
50 62 25
103 100 104
103 104 108
23 0 73
13 91 86
97 22 72
109 105 111
109 111 115
114 110 117
114 117 121
120 116 123
120 123 127
126 122 129
126 129 133
132 128 134
132 134 138
81 78 4
81 4 8
139 135 140
139 140 144
145 141 98
145 98 101
125 131 137
137 143 102
102 107 113
113 119 125
125 137 102
102 113 125
99 142 136
136 130 124
124 118 112
112 106 99
99 136 124
124 112 99
resources\shaders\programs\shader_pass_test.txt
