24
1.0 1.0 -1.0     1.0 1.0 1.0 1.0     0.625 0.5
1.0 1.0 -1.0     1.0 1.0 1.0 1.0     0.625 0.5
1.0 1.0 -1.0     1.0 1.0 1.0 1.0     0.625 0.5
1.0 -1.0 -1.0     1.0 1.0 1.0 1.0     0.625 0.5
1.0 -1.0 -1.0     1.0 1.0 1.0 1.0     0.625 0.5
1.0 -1.0 -1.0     1.0 1.0 1.0 1.0     0.625 0.5
1.0 1.0 1.0     1.0 1.0 1.0 1.0     0.625 0.5
1.0 1.0 1.0     1.0 1.0 1.0 1.0     0.625 0.5
1.0 1.0 1.0     1.0 1.0 1.0 1.0     0.625 0.5
1.0 -1.0 1.0     1.0 1.0 1.0 1.0     0.625 0.5
1.0 -1.0 1.0     1.0 1.0 1.0 1.0     0.625 0.5
1.0 -1.0 1.0     1.0 1.0 1.0 1.0     0.625 0.5
-1.0 1.0 -1.0     1.0 1.0 1.0 1.0     0.625 0.5
-1.0 1.0 -1.0     1.0 1.0 1.0 1.0     0.625 0.5
-1.0 1.0 -1.0     1.0 1.0 1.0 1.0     0.625 0.5
-1.0 -1.0 -1.0     1.0 1.0 1.0 1.0     0.625 0.5
-1.0 -1.0 -1.0     1.0 1.0 1.0 1.0     0.625 0.5
-1.0 -1.0 -1.0     1.0 1.0 1.0 1.0     0.625 0.5
-1.0 1.0 1.0     1.0 1.0 1.0 1.0     0.625 0.5
-1.0 1.0 1.0     1.0 1.0 1.0 1.0     0.625 0.5
-1.0 1.0 1.0     1.0 1.0 1.0 1.0     0.625 0.5
-1.0 -1.0 1.0     1.0 1.0 1.0 1.0     0.625 0.5
-1.0 -1.0 1.0     1.0 1.0 1.0 1.0     0.625 0.5
-1.0 -1.0 1.0     1.0 1.0 1.0 1.0     0.625 0.5
12
1 14 20
1 20 7
10 6 18
10 18 22
23 19 12
23 12 16
15 3 9
15 9 21
5 2 8
5 8 11
17 13 0
17 0 4
