134
0.23869902 1.9835823 -0.68883085     1.0 1.0 1.0 1.0     0.625 0.5
0.23869902 1.9835823 -0.68883085     1.0 1.0 1.0 1.0     0.625 0.5
0.23869902 1.9835823 -0.68883085     1.0 1.0 1.0 1.0     0.625 0.5
0.23869902 1.9835823 -0.68883085     1.0 1.0 1.0 1.0     0.625 0.5
0.23869902 -0.016417801 -0.68883085     1.0 1.0 1.0 1.0     0.625 0.5
0.23869902 -0.016417801 -0.68883085     1.0 1.0 1.0 1.0     0.625 0.5
0.23869902 -0.016417801 -0.68883085     1.0 1.0 1.0 1.0     0.625 0.5
0.23869902 1.9835823 0.68883085     1.0 1.0 1.0 1.0     0.625 0.5
0.23869902 1.9835823 0.68883085     1.0 1.0 1.0 1.0     0.625 0.5
0.23869902 1.9835823 0.68883085     1.0 1.0 1.0 1.0     0.625 0.5
0.23869902 1.9835823 0.68883085     1.0 1.0 1.0 1.0     0.625 0.5
0.23869902 -0.016417801 0.68883085     1.0 1.0 1.0 1.0     0.625 0.5
0.23869902 -0.016417801 0.68883085     1.0 1.0 1.0 1.0     0.625 0.5
0.23869902 -0.016417801 0.68883085     1.0 1.0 1.0 1.0     0.625 0.5
-0.43410915 1.9835823 -0.68883085     1.0 1.0 1.0 1.0     0.625 0.5
-0.43410915 1.9835823 -0.68883085     1.0 1.0 1.0 1.0     0.625 0.5
-0.43410915 1.9835823 -0.68883085     1.0 1.0 1.0 1.0     0.625 0.5
-0.43410915 1.9835823 -0.68883085     1.0 1.0 1.0 1.0     0.625 0.5
-0.43410915 -0.016417801 -0.68883085     1.0 1.0 1.0 1.0     0.625 0.5
-0.43410915 -0.016417801 -0.68883085     1.0 1.0 1.0 1.0     0.625 0.5
-0.43410915 -0.016417801 -0.68883085     1.0 1.0 1.0 1.0     0.625 0.5
-0.43410915 1.9835823 0.68883085     1.0 1.0 1.0 1.0     0.625 0.5
-0.43410915 1.9835823 0.68883085     1.0 1.0 1.0 1.0     0.625 0.5
-0.43410915 1.9835823 0.68883085     1.0 1.0 1.0 1.0     0.625 0.5
-0.43410915 1.9835823 0.68883085     1.0 1.0 1.0 1.0     0.625 0.5
-0.43410915 1.9835823 0.68883085     1.0 1.0 1.0 1.0     0.625 0.5
-0.43410915 -0.016417801 0.68883085     1.0 1.0 1.0 1.0     0.625 0.5
-0.43410915 -0.016417801 0.68883085     1.0 1.0 1.0 1.0     0.625 0.5
-0.43410915 -0.016417801 0.68883085     1.0 1.0 1.0 1.0     0.625 0.5
0.23869902 4.0791607 0.68883085     1.0 1.0 1.0 1.0     0.625 0.5
0.23869902 4.0791607 0.68883085     1.0 1.0 1.0 1.0     0.625 0.5
0.23869902 4.0791607 0.68883085     1.0 1.0 1.0 1.0     0.625 0.5
0.23869902 4.0791607 0.68883085     1.0 1.0 1.0 1.0     0.625 0.5
0.23869902 4.0791607 0.68883085     1.0 1.0 1.0 1.0     0.625 0.5
-0.43410915 4.0791607 0.68883085     1.0 1.0 1.0 1.0     0.625 0.5
-0.43410915 4.0791607 0.68883085     1.0 1.0 1.0 1.0     0.625 0.5
-0.43410915 4.0791607 0.68883085     1.0 1.0 1.0 1.0     0.625 0.5
-0.43410915 4.0791607 0.68883085     1.0 1.0 1.0 1.0     0.625 0.5
-0.43410915 4.0791607 0.68883085     1.0 1.0 1.0 1.0     0.625 0.5
-0.43410915 4.0791607 0.68883085     1.0 1.0 1.0 1.0     0.625 0.5
0.23869902 4.0791607 -0.68883085     1.0 1.0 1.0 1.0     0.625 0.5
0.23869902 4.0791607 -0.68883085     1.0 1.0 1.0 1.0     0.625 0.5
0.23869902 4.0791607 -0.68883085     1.0 1.0 1.0 1.0     0.625 0.5
0.23869902 4.0791607 -0.68883085     1.0 1.0 1.0 1.0     0.625 0.5
0.23869902 4.0791607 -0.68883085     1.0 1.0 1.0 1.0     0.625 0.5
-0.43410915 4.0791607 -0.68883085     1.0 1.0 1.0 1.0     0.625 0.5
-0.43410915 4.0791607 -0.68883085     1.0 1.0 1.0 1.0     0.625 0.5
-0.43410915 4.0791607 -0.68883085     1.0 1.0 1.0 1.0     0.625 0.5
-0.43410915 4.0791607 -0.68883085     1.0 1.0 1.0 1.0     0.625 0.5
-0.43410915 4.0791607 -0.68883085     1.0 1.0 1.0 1.0     0.625 0.5
0.23869902 5.476328 0.68883085     1.0 1.0 1.0 1.0     0.625 0.5
0.23869902 5.476328 0.68883085     1.0 1.0 1.0 1.0     0.625 0.5
0.23869902 5.476328 0.68883085     1.0 1.0 1.0 1.0     0.625 0.5
0.23869902 5.476328 0.68883085     1.0 1.0 1.0 1.0     0.625 0.5
-0.43410915 5.476328 0.68883085     1.0 1.0 1.0 1.0     0.625 0.5
-0.43410915 5.476328 0.68883085     1.0 1.0 1.0 1.0     0.625 0.5
-0.43410915 5.476328 0.68883085     1.0 1.0 1.0 1.0     0.625 0.5
0.23869902 5.476328 -0.68883085     1.0 1.0 1.0 1.0     0.625 0.5
0.23869902 5.476328 -0.68883085     1.0 1.0 1.0 1.0     0.625 0.5
0.23869902 5.476328 -0.68883085     1.0 1.0 1.0 1.0     0.625 0.5
0.23869902 5.476328 -0.68883085     1.0 1.0 1.0 1.0     0.625 0.5
-0.43410915 5.476328 -0.68883085     1.0 1.0 1.0 1.0     0.625 0.5
-0.43410915 5.476328 -0.68883085     1.0 1.0 1.0 1.0     0.625 0.5
-0.43410915 5.476328 -0.68883085     1.0 1.0 1.0 1.0     0.625 0.5
0.43646064 4.0791607 -0.68883085     1.0 1.0 1.0 1.0     0.625 0.5
0.43646064 4.0791607 -0.68883085     1.0 1.0 1.0 1.0     0.625 0.5
0.43646064 4.0791607 -0.68883085     1.0 1.0 1.0 1.0     0.625 0.5
0.43646064 4.0791607 0.68883085     1.0 1.0 1.0 1.0     0.625 0.5
0.43646064 4.0791607 0.68883085     1.0 1.0 1.0 1.0     0.625 0.5
0.43646064 4.0791607 0.68883085     1.0 1.0 1.0 1.0     0.625 0.5
0.43646064 5.476328 -0.68883085     1.0 1.0 1.0 1.0     0.625 0.5
0.43646064 5.476328 -0.68883085     1.0 1.0 1.0 1.0     0.625 0.5
0.43646064 5.476328 -0.68883085     1.0 1.0 1.0 1.0     0.625 0.5
0.43646064 5.476328 0.68883085     1.0 1.0 1.0 1.0     0.625 0.5
0.43646064 5.476328 0.68883085     1.0 1.0 1.0 1.0     0.625 0.5
0.43646064 5.476328 0.68883085     1.0 1.0 1.0 1.0     0.625 0.5
-0.60317546 4.0791607 0.68883085     1.0 1.0 1.0 1.0     0.625 0.5
-0.60317546 4.0791607 0.68883085     1.0 1.0 1.0 1.0     0.625 0.5
-0.60317546 4.0791607 0.68883085     1.0 1.0 1.0 1.0     0.625 0.5
-0.60317546 4.0791607 -0.68883085     1.0 1.0 1.0 1.0     0.625 0.5
-0.60317546 4.0791607 -0.68883085     1.0 1.0 1.0 1.0     0.625 0.5
-0.60317546 4.0791607 -0.68883085     1.0 1.0 1.0 1.0     0.625 0.5
-0.60317546 5.476328 0.68883085     1.0 1.0 1.0 1.0     0.625 0.5
-0.60317546 5.476328 0.68883085     1.0 1.0 1.0 1.0     0.625 0.5
-0.60317546 5.476328 0.68883085     1.0 1.0 1.0 1.0     0.625 0.5
-0.60317546 5.476328 -0.68883085     1.0 1.0 1.0 1.0     0.625 0.5
-0.60317546 5.476328 -0.68883085     1.0 1.0 1.0 1.0     0.625 0.5
-0.60317546 5.476328 -0.68883085     1.0 1.0 1.0 1.0     0.625 0.5
0.23869902 1.9835823 0.68883085     1.0 1.0 1.0 1.0     0.625 0.5
0.23869902 1.9835823 0.68883085     1.0 1.0 1.0 1.0     0.625 0.5
0.23869902 1.9835823 0.68883085     1.0 1.0 1.0 1.0     0.625 0.5
-0.43410915 1.9835823 0.68883085     1.0 1.0 1.0 1.0     0.625 0.5
-0.43410915 1.9835823 0.68883085     1.0 1.0 1.0 1.0     0.625 0.5
-0.43410915 1.9835823 0.68883085     1.0 1.0 1.0 1.0     0.625 0.5
-0.43410915 1.9835823 0.68883085     1.0 1.0 1.0 1.0     0.625 0.5
-0.43410915 1.9835823 -0.68883085     1.0 1.0 1.0 1.0     0.625 0.5
-0.43410915 1.9835823 -0.68883085     1.0 1.0 1.0 1.0     0.625 0.5
-0.43410915 1.9835823 -0.68883085     1.0 1.0 1.0 1.0     0.625 0.5
0.23869902 1.9835823 -0.68883085     1.0 1.0 1.0 1.0     0.625 0.5
0.23869902 1.9835823 -0.68883085     1.0 1.0 1.0 1.0     0.625 0.5
0.23869902 1.9835823 -0.68883085     1.0 1.0 1.0 1.0     0.625 0.5
0.23869902 4.0791607 0.68883085     1.0 1.0 1.0 1.0     0.625 0.5
0.23869902 4.0791607 0.68883085     1.0 1.0 1.0 1.0     0.625 0.5
-0.43410915 4.0791607 0.68883085     1.0 1.0 1.0 1.0     0.625 0.5
-0.43410915 4.0791607 0.68883085     1.0 1.0 1.0 1.0     0.625 0.5
-0.43410915 4.0791607 0.68883085     1.0 1.0 1.0 1.0     0.625 0.5
-0.43410915 4.0791607 -0.68883085     1.0 1.0 1.0 1.0     0.625 0.5
-0.43410915 4.0791607 -0.68883085     1.0 1.0 1.0 1.0     0.625 0.5
0.23869902 4.0791607 -0.68883085     1.0 1.0 1.0 1.0     0.625 0.5
0.23869902 4.0791607 -0.68883085     1.0 1.0 1.0 1.0     0.625 0.5
-0.43410915 1.9835823 -1.1664716     1.0 1.0 1.0 1.0     0.625 0.5
-0.43410915 1.9835823 -1.1664716     1.0 1.0 1.0 1.0     0.625 0.5
-0.43410915 1.9835823 -1.1664716     1.0 1.0 1.0 1.0     0.625 0.5
0.23869902 1.9835823 -1.1664716     1.0 1.0 1.0 1.0     0.625 0.5
0.23869902 1.9835823 -1.1664716     1.0 1.0 1.0 1.0     0.625 0.5
0.23869902 1.9835823 -1.1664716     1.0 1.0 1.0 1.0     0.625 0.5
-0.43410915 4.0791607 -1.1664716     1.0 1.0 1.0 1.0     0.625 0.5
-0.43410915 4.0791607 -1.1664716     1.0 1.0 1.0 1.0     0.625 0.5
-0.43410915 4.0791607 -1.1664716     1.0 1.0 1.0 1.0     0.625 0.5
0.23869902 4.0791607 -1.1664716     1.0 1.0 1.0 1.0     0.625 0.5
0.23869902 4.0791607 -1.1664716     1.0 1.0 1.0 1.0     0.625 0.5
0.23869902 4.0791607 -1.1664716     1.0 1.0 1.0 1.0     0.625 0.5
0.23869902 1.9835823 1.0718184     1.0 1.0 1.0 1.0     0.625 0.5
0.23869902 1.9835823 1.0718184     1.0 1.0 1.0 1.0     0.625 0.5
0.23869902 1.9835823 1.0718184     1.0 1.0 1.0 1.0     0.625 0.5
-0.43410915 1.9835823 1.0718184     1.0 1.0 1.0 1.0     0.625 0.5
-0.43410915 1.9835823 1.0718184     1.0 1.0 1.0 1.0     0.625 0.5
-0.43410915 1.9835823 1.0718184     1.0 1.0 1.0 1.0     0.625 0.5
0.23869902 4.0791607 1.0718184     1.0 1.0 1.0 1.0     0.625 0.5
0.23869902 4.0791607 1.0718184     1.0 1.0 1.0 1.0     0.625 0.5
0.23869902 4.0791607 1.0718184     1.0 1.0 1.0 1.0     0.625 0.5
-0.43410915 4.0791607 1.0718184     1.0 1.0 1.0 1.0     0.625 0.5
-0.43410915 4.0791607 1.0718184     1.0 1.0 1.0 1.0     0.625 0.5
-0.43410915 4.0791607 1.0718184     1.0 1.0 1.0 1.0     0.625 0.5
76
15 24 37
15 37 45
12 7 21
12 21 27
28 23 14
28 14 19
18 4 11
18 11 26
6 3 10
6 10 13
20 16 0
20 0 5
46 38 78
46 78 80
9 2 44
9 44 33
39 25 105
25 94 105
43 1 108
1 99 108
60 63 56
60 56 53
34 30 50
34 50 54
42 48 62
42 62 58
41 57 70
41 70 65
69 66 72
69 72 75
59 52 74
59 74 71
51 31 68
51 68 73
29 40 64
29 64 67
79 77 83
79 83 85
61 47 81
61 81 86
35 55 82
35 82 76
56 63 87
56 87 84
95 106 116
95 116 110
90 102 130
90 130 124
32 36 101
36 103 101
1 17 99
17 97 99
8 32 89
32 101 89
17 49 97
49 107 97
22 8 92
8 89 92
49 43 107
43 108 107
114 112 117
114 117 119
107 108 120
107 120 118
98 96 111
98 111 113
109 100 115
109 115 121
126 123 128
126 128 131
104 93 127
104 127 133
101 103 132
101 132 129
91 88 122
91 122 125
